+-------------------------------------------------------------------------------------------------------------------------------------------------------------------------------------------------------------------------------------+
; Legal Partition Candidates                                                                                                                                                                                                          ;
+--------------------------------+-------+----------------+--------------+----------------+--------+-----------------+---------------+-----------------+-------+----------------+--------------+------------------+-------------------+
; Hierarchy                      ; Input ; Constant Input ; Unused Input ; Floating Input ; Output ; Constant Output ; Unused Output ; Floating Output ; Bidir ; Constant Bidir ; Unused Bidir ; Input only Bidir ; Output only Bidir ;
+--------------------------------+-------+----------------+--------------+----------------+--------+-----------------+---------------+-----------------+-------+----------------+--------------+------------------+-------------------+
; CACHE|DATAPATH|dirty2          ; 6     ; 0              ; 0            ; 0              ; 1      ; 0               ; 0             ; 0               ; 0     ; 0              ; 0            ; 0                ; 0                 ;
; CACHE|DATAPATH|dirty1          ; 6     ; 0              ; 0            ; 0              ; 1      ; 0               ; 0             ; 0               ; 0     ; 0              ; 0            ; 0                ; 0                 ;
; CACHE|DATAPATH|way_selector    ; 2     ; 0              ; 0            ; 0              ; 1      ; 0               ; 0             ; 0               ; 0     ; 0              ; 0            ; 0                ; 0                 ;
; CACHE|DATAPATH|_OR             ; 2     ; 0              ; 0            ; 0              ; 1      ; 0               ; 0             ; 0               ; 0     ; 0              ; 0            ; 0                ; 0                 ;
; CACHE|DATAPATH|hit2            ; 2     ; 0              ; 0            ; 0              ; 1      ; 0               ; 0             ; 0               ; 0     ; 0              ; 0            ; 0                ; 0                 ;
; CACHE|DATAPATH|hit1            ; 2     ; 0              ; 0            ; 0              ; 1      ; 0               ; 0             ; 0               ; 0     ; 0              ; 0            ; 0                ; 0                 ;
; CACHE|DATAPATH|tagcomp2        ; 18    ; 0              ; 0            ; 0              ; 1      ; 0               ; 0             ; 0               ; 0     ; 0              ; 0            ; 0                ; 0                 ;
; CACHE|DATAPATH|tagcomp1        ; 18    ; 0              ; 0            ; 0              ; 1      ; 0               ; 0             ; 0               ; 0     ; 0              ; 0            ; 0                ; 0                 ;
; CACHE|DATAPATH|LRU             ; 6     ; 0              ; 0            ; 0              ; 1      ; 0               ; 0             ; 0               ; 0     ; 0              ; 0            ; 0                ; 0                 ;
; CACHE|DATAPATH|datamux         ; 261   ; 8              ; 0            ; 8              ; 16     ; 8               ; 8             ; 8               ; 0     ; 0              ; 0            ; 0                ; 0                 ;
; CACHE|DATAPATH|valid2          ; 6     ; 0              ; 0            ; 0              ; 1      ; 0               ; 0             ; 0               ; 0     ; 0              ; 0            ; 0                ; 0                 ;
; CACHE|DATAPATH|valid1          ; 6     ; 0              ; 0            ; 0              ; 1      ; 0               ; 0             ; 0               ; 0     ; 0              ; 0            ; 0                ; 0                 ;
; CACHE|DATAPATH|tag_array2      ; 14    ; 0              ; 0            ; 0              ; 9      ; 0               ; 0             ; 0               ; 0     ; 0              ; 0            ; 0                ; 0                 ;
; CACHE|DATAPATH|tag_array1      ; 14    ; 0              ; 0            ; 0              ; 9      ; 0               ; 0             ; 0               ; 0     ; 0              ; 0            ; 0                ; 0                 ;
; CACHE|DATAPATH|data_array2     ; 133   ; 0              ; 0            ; 0              ; 128    ; 0               ; 0             ; 0               ; 0     ; 0              ; 0            ; 0                ; 0                 ;
; CACHE|DATAPATH|data_array1     ; 133   ; 0              ; 0            ; 0              ; 128    ; 0               ; 0             ; 0               ; 0     ; 0              ; 0            ; 0                ; 0                 ;
; CACHE|DATAPATH|Extract         ; 16    ; 0              ; 0            ; 0              ; 16     ; 0               ; 0             ; 0               ; 0     ; 0              ; 0            ; 0                ; 0                 ;
; CACHE|DATAPATH                 ; 306   ; 0              ; 0            ; 0              ; 19     ; 0               ; 0             ; 0               ; 0     ; 0              ; 0            ; 0                ; 0                 ;
; CACHE                          ; 166   ; 128            ; 146          ; 128            ; 163    ; 128             ; 128           ; 128             ; 0     ; 0              ; 0            ; 0                ; 0                 ;
; CPU|Control                    ; 26    ; 3              ; 15           ; 3              ; 34     ; 3               ; 3             ; 3               ; 0     ; 0              ; 0            ; 0                ; 0                 ;
; CPU|Datapath|alu_out_to_mdrmux ; 17    ; 0              ; 0            ; 0              ; 16     ; 0               ; 0             ; 0               ; 0     ; 0              ; 0            ; 0                ; 0                 ;
; CPU|Datapath|Mask              ; 33    ; 0              ; 15           ; 0              ; 16     ; 0               ; 0             ; 0               ; 0     ; 0              ; 0            ; 0                ; 0                 ;
; CPU|Datapath|ALU_IMM           ; 36    ; 0              ; 0            ; 0              ; 16     ; 0               ; 0             ; 0               ; 0     ; 0              ; 0            ; 0                ; 0                 ;
; CPU|Datapath|ADJ5              ; 5     ; 0              ; 0            ; 0              ; 16     ; 0               ; 0             ; 0               ; 0     ; 0              ; 0            ; 0                ; 0                 ;
; CPU|Datapath|ALU               ; 36    ; 0              ; 0            ; 0              ; 16     ; 0               ; 0             ; 0               ; 0     ; 0              ; 0            ; 0                ; 0                 ;
; CPU|Datapath|REGFILE           ; 27    ; 0              ; 0            ; 0              ; 32     ; 0               ; 0             ; 0               ; 0     ; 0              ; 0            ; 0                ; 0                 ;
; CPU|Datapath|Truncate_SR1      ; 17    ; 0              ; 0            ; 0              ; 16     ; 0               ; 0             ; 0               ; 0     ; 0              ; 0            ; 0                ; 0                 ;
; CPU|Datapath|alumux            ; 50    ; 0              ; 0            ; 0              ; 16     ; 0               ; 0             ; 0               ; 0     ; 0              ; 0            ; 0                ; 0                 ;
; CPU|Datapath|adjmux            ; 33    ; 0              ; 0            ; 0              ; 16     ; 0               ; 0             ; 0               ; 0     ; 0              ; 0            ; 0                ; 0                 ;
; CPU|Datapath|adj6_no_shift     ; 6     ; 0              ; 0            ; 0              ; 16     ; 0               ; 0             ; 0               ; 0     ; 0              ; 0            ; 0                ; 0                 ;
; CPU|Datapath|ADJ6              ; 6     ; 1              ; 0            ; 1              ; 16     ; 1               ; 1             ; 1               ; 0     ; 0              ; 0            ; 0                ; 0                 ;
; CPU|Datapath|trapadj           ; 8     ; 8              ; 0            ; 8              ; 16     ; 8               ; 8             ; 8               ; 0     ; 0              ; 0            ; 0                ; 0                 ;
; CPU|Datapath|IR                ; 18    ; 12             ; 0            ; 12             ; 71     ; 12              ; 12            ; 12              ; 0     ; 0              ; 0            ; 0                ; 0                 ;
; CPU|Datapath|CCCOMP            ; 6     ; 0              ; 0            ; 0              ; 1      ; 0               ; 0             ; 0               ; 0     ; 0              ; 0            ; 0                ; 0                 ;
; CPU|Datapath|CC                ; 5     ; 0              ; 0            ; 0              ; 3      ; 0               ; 0             ; 0               ; 0     ; 0              ; 0            ; 0                ; 0                 ;
; CPU|Datapath|GENCC             ; 16    ; 0              ; 0            ; 0              ; 3      ; 0               ; 0             ; 0               ; 0     ; 0              ; 0            ; 0                ; 0                 ;
; CPU|Datapath|regfilemux        ; 66    ; 0              ; 0            ; 0              ; 16     ; 0               ; 0             ; 0               ; 0     ; 0              ; 0            ; 0                ; 0                 ;
; CPU|Datapath|MDR               ; 18    ; 0              ; 0            ; 0              ; 16     ; 0               ; 0             ; 0               ; 0     ; 0              ; 0            ; 0                ; 0                 ;
; CPU|Datapath|mdrmux            ; 33    ; 0              ; 0            ; 0              ; 16     ; 0               ; 0             ; 0               ; 0     ; 0              ; 0            ; 0                ; 0                 ;
; CPU|Datapath|MAR               ; 18    ; 0              ; 0            ; 0              ; 16     ; 0               ; 0             ; 0               ; 0     ; 0              ; 0            ; 0                ; 0                 ;
; CPU|Datapath|marmux            ; 83    ; 0              ; 0            ; 0              ; 16     ; 0               ; 0             ; 0               ; 0     ; 0              ; 0            ; 0                ; 0                 ;
; CPU|Datapath|_adder2           ; 32    ; 0              ; 0            ; 0              ; 16     ; 0               ; 0             ; 0               ; 0     ; 0              ; 0            ; 0                ; 0                 ;
; CPU|Datapath|ADJ9              ; 9     ; 1              ; 0            ; 1              ; 16     ; 1               ; 1             ; 1               ; 0     ; 0              ; 0            ; 0                ; 0                 ;
; CPU|Datapath|ADJ11             ; 11    ; 1              ; 0            ; 1              ; 16     ; 1               ; 1             ; 1               ; 0     ; 0              ; 0            ; 0                ; 0                 ;
; CPU|Datapath|_adder            ; 32    ; 0              ; 0            ; 0              ; 16     ; 0               ; 0             ; 0               ; 0     ; 0              ; 0            ; 0                ; 0                 ;
; CPU|Datapath|pc                ; 18    ; 0              ; 0            ; 0              ; 16     ; 0               ; 0             ; 0               ; 0     ; 0              ; 0            ; 0                ; 0                 ;
; CPU|Datapath|_plus2            ; 16    ; 0              ; 0            ; 0              ; 16     ; 0               ; 0             ; 0               ; 0     ; 0              ; 0            ; 0                ; 0                 ;
; CPU|Datapath|pcmux             ; 83    ; 0              ; 0            ; 0              ; 16     ; 0               ; 0             ; 0               ; 0     ; 0              ; 0            ; 0                ; 0                 ;
; CPU|Datapath|storemux          ; 7     ; 0              ; 0            ; 0              ; 3      ; 0               ; 0             ; 0               ; 0     ; 0              ; 0            ; 0                ; 0                 ;
; CPU|Datapath                   ; 47    ; 0              ; 0            ; 0              ; 56     ; 0               ; 0             ; 0               ; 0     ; 0              ; 0            ; 0                ; 0                 ;
; CPU                            ; 18    ; 0              ; 0            ; 0              ; 36     ; 0               ; 0             ; 0               ; 0     ; 0              ; 0            ; 0                ; 0                 ;
+--------------------------------+-------+----------------+--------------+----------------+--------+-----------------+---------------+-----------------+-------+----------------+--------------+------------------+-------------------+
